0 0.7109375 0.3671875 0.046875 0.1171875
0 0.3173828125 0.5263671875 0.134765625 0.138671875
0 0.662109375 0.296875 0.03125 0.05078125
0 0.59375 0.306640625 0.078125 0.1015625
0 0.642578125 0.4658203125 0.12109375 0.158203125
0 0.8037109375 0.3671875 0.072265625 0.10546875
0 0.65625 0.3505859375 0.03125 0.095703125
0 0.712890625 0.3349609375 0.08203125 0.126953125
0 0.2119140625 0.615234375 0.142578125 0.109375
0 0.234375 0.6884765625 0.125 0.146484375
0 0.4326171875 0.7197265625 0.107421875 0.072265625
0 0.3291015625 0.728515625 0.111328125 0.08984375
0 0.1083984375 0.6953125 0.123046875 0.08984375
0 0.375 0.61328125 0.08984375 0.078125
0 0.380859375 0.345703125 0.09765625 0.11328125
0 0.86328125 0.8291015625 0.16796875 0.068359375
0 0.6806640625 0.26171875 0.033203125 0.03515625
0 0.671875 0.2822265625 0.05078125 0.072265625
